"开天斧等级";"所需贡献值";"总贡献值";"挂机经验提升(%)"
0;0;0;0
1;5000;5000;1
2;100000;105000;2
3;500000;605000;3
4;1000000;1605000;4
5;2000000;3605000;5
6;3000000;6605000;6
7;4000000;10605000;7
8;6000000;16605000;8
9;8000000;24605000;9
10;10000000;34605000;10
